22.0516958745065
22.3512684196829
22.5512684196829
22.8516958745065
22.9055064950617
22.9593171156168
23.013127736172
23.0669383567272
23.1207489772824
23.1745595978376
23.2283702183928
23.282180838948
23.3359914595032
23.3898020800583
23.4436127006135
23.4974233211687
23.5512339417239
23.6050445622791
23.6588551828343
23.7126658033895
23.7664764239447
23.8202870444998
23.874097665055
23.9279082856102
23.9817189061654
24.0355295267206
24.0893401472758
24.143150767831
24.1969613883862
24.2507720089414
24.3045826294965
24.3583932500517
24.4122038706069
24.4660144911621
24.5198251117173
24.5736357322725
24.6274463528277
24.6812569733829
24.735067593938
24.7888782144932
24.8426888350484
24.8964994556036
24.9503100761588
25.004120696714
25.0579313172692
25.1117419378244
25.1655525583795
25.2193631789347
25.2731737994899
25.3269844200451
25.3807950406003
25.4346056611555
25.4884162817107
25.5422269022659
25.596037522821
25.6498481433762
25.7036587639314
25.7574693844866
25.8112800050418
25.865090625597
25.9189012461522
25.9727118667074
26.0265224872625
26.0803331078177
26.1341437283729
26.1879543489281
26.2417649694833
26.2955755900385
26.3493862105937
26.4031968311489
26.4570074517041
26.5108180722592
26.5646286928144
26.6184393133696
26.6722499339248
26.72606055448
26.7798711750352
26.8336817955904
26.8874924161456
26.9413030367007
26.9951136572559
27.0489242778111
27.1027348983663
27.1565455189215
27.2103561394767
27.2641667600319
27.3179773805871
27.3717880011422
27.4255986216974
27.4794092422526
27.5332198628078
27.587030483363
27.6408411039182
27.6946517244734
27.7484623450286
27.8022729655837
27.8560835861389
27.9098942066941
27.9637048272493
28.0175154478045
28.0713260683597
28.1251366889149
28.1789473094701
28.2327579300252
28.2865685505804
28.3403791711356
28.3941897916908
28.448000412246
28.5018110328012
28.5556216533564
28.6094322739116
28.6632428944667
28.7170535150219
28.7708641355771
28.8246747561323
28.8784853766875
28.9322959972427
28.9861066177979
29.0399172383531
29.0937278589082
29.1475384794634
29.2013491000186
29.2551597205738
29.308970341129
29.3627809616842
29.4165915822394
29.4704022027946
29.5242128233497
29.5780234439049
29.6318340644601
29.6856446850153
29.7394553055705
29.7932659261257
29.8470765466809
29.9008871672361
29.9546977877912
30.0085084083464
30.0623190289016
30.1161296494568
30.169940270012
30.2237508905672
30.2775615111224
30.3313721316776
30.3851827522328
30.4389933727879
30.4928039933431
30.5466146138983
30.6004252344535
30.6542358550087
30.7080464755639
30.7618570961191
30.8156677166743
30.8694783372294
30.9232889577846
30.9770995783398
31.030910198895
31.0847208194502
31.1385314400054
31.1923420605606
31.2461526811158
31.2999633016709
31.3537739222261
31.4075845427813
31.4613951633365
31.5152057838917
31.5690164044469
31.6228270250021
31.6766376455573
31.7304482661124
31.7842588866676
31.8380695072228
31.891880127778
31.9456907483332
31.9995013688884
32.0533119894436
32.1071226099988
32.1609332305539
32.2147438511091
32.2685544716643
32.3223650922195
32.3761757127747
32.4299863333299
32.4837969538851
32.5376075744403
32.5914181949954
32.6452288155506
32.6990394361058
32.752850056661
32.8066606772162
32.8604712977714
32.9142819183266
32.9680925388818
33.0219031594369
33.0757137799921
33.1295244005473
33.1833350211025
33.2371456416577
33.2909562622129
33.3447668827681
33.3985775033233
33.4523881238784
33.5061987444336
33.5600093649888
33.613819985544
33.6676306060992
33.7214412266544
33.7752518472096
33.8290624677648
33.8828730883199
33.9366837088751
33.9904943294303
34.0443049499855
34.0981155705407
34.1519261910959
34.2057368116511
34.2595474322063
34.3133580527615
34.3671686733166
34.4209792938718
34.474789914427
34.5286005349822
34.5824111555374
34.6362217760926
34.6900323966478
34.7438430172029
34.7976536377581
34.8514642583133
34.9052748788685
34.9590854994237
35.0128961199789
35.0667067405341
35.1205173610893
35.1743279816445
35.2281386021996
35.2819492227548
35.33575984331
35.3895704638652
35.4433810844204
35.4971917049756
35.5510023255308
35.6048129460859
35.6586235666411
35.7124341871963
35.7662448077515
35.8200554283067
35.8738660488619
35.9276766694171
35.9814872899723
36.0352979105275
36.0891085310826
36.1429191516378
36.196729772193
36.2505403927482
36.3043510133034
36.3581616338586
36.4119722544138
36.465782874969
36.5195934955241
36.5734041160793
36.6272147366345
36.6810253571897
36.7348359777449
36.7886465983001
36.8424572188553
36.8962678394105
36.9500784599656
37.0038890805208
37.057699701076
37.1115103216312
37.1653209421864
37.2191315627416
37.2729421832968
37.326752803852
37.3805634244071
37.4343740449623
37.4881846655175
37.5419952860727
37.5958059066279
37.6496165271831
37.7034271477383
37.7572377682935
37.8110483888486
37.8648590094038
37.918669629959
37.9724802505142
38.0262908710694
38.0801014916246
38.1339121121798
38.187722732735
38.2415333532902
38.2953439738453
38.3491545944005
38.4029652149557
38.4567758355109
38.5105864560661
38.5643970766213
38.6182076971765
38.6720183177316
38.7258289382868
38.779639558842
38.8334501793972
38.8872607999524
38.9410714205076
38.9948820410628
39.048692661618
39.1025032821732
39.1563139027283
39.2101245232835
39.2639351438387
39.3177457643939
39.3715563849491
39.4253670055043
39.4791776260595
39.5329882466147
39.5867988671698
39.640609487725
39.6944201082802
39.7482307288354
39.8020413493906
39.8558519699458
39.909662590501
39.9634732110562
40.0172838316113
40.0710944521665
40.1249050727217
40.1787156932769
40.2325263138321
40.2863369343873
40.3401475549425
40.3939581754977
40.4477687960528
40.501579416608
40.5553900371632
40.6092006577184
40.6630112782736
40.7168218988288
40.770632519384
40.8244431399392
40.8782537604943
40.9320643810495
40.9858750016047
41.0396856221599
41.0934962427151
41.1473068632703
41.2011174838255
41.2549281043807
41.3087387249358
41.362549345491
41.4163599660462
41.4701705866014
41.5239812071566
41.5777918277118
41.631602448267
41.6854130688222
41.7392236893773
41.7930343099325
41.8468449304877
41.9006555510429
41.9544661715981
42.0082767921533
42.0620874127085
42.1158980332637
42.1697086538189
42.223519274374
42.2773298949292
42.3311405154844
42.3849511360396
42.4387617565948
42.49257237715
42.5463829977052
42.6001936182604
42.6540042388155
42.7078148593707
42.7616254799259
42.8154361004811
42.8692467210363
42.9230573415915
42.9768679621467
43.0306785827019
43.084489203257
43.1382998238122
43.1921104443674
43.2459210649226
43.2997316854778
43.353542306033
43.4073529265882
43.4611635471434
43.5149741676985
43.5687847882537
43.6225954088089
43.6764060293641
43.7302166499193
43.7840272704745
43.8378378910297
43.8916485115849
43.94545913214
43.9992697526952
44.0530803732504
44.1068909938056
44.1607016143608
44.214512234916
44.2683228554712
44.3221334760264
44.3759440965815
44.4297547171367
44.4835653376919
44.5373759582471
44.5911865788023
44.6449971993575
44.6988078199127
44.7526184404679
44.806429061023
44.8602396815782
44.9140503021334
44.9678609226886
45.0216715432438
45.075482163799
45.1292927843542
45.1831034049094
45.2369140254646
45.2907246460197
45.3445352665749
45.3983458871301
45.4521565076853
45.5059671282405
45.5597777487957
45.6135883693509
45.667398989906
45.7212096104612
45.7750202310164
45.8250202310164
46.0902627132372
46.3669370571235
46.4207476776787
46.4745582982339
46.528368918789
46.5821795393442
46.6359901598994
46.6898007804546
46.7436114010098
46.797422021565
46.8512326421202
46.9050432626754
46.9588538832306
47.0126645037857
47.0664751243409
47.1202857448961
47.1740963654513
47.2279069860065
47.2817176065617
47.3355282271169
47.3893388476721
47.4431494682272
47.4969600887824
47.5507707093376
47.6045813298928
47.658391950448
47.7122025710032
47.7660131915584
47.8198238121136
47.8736344326687
47.9274450532239
47.9812556737791
48.0350662943343
48.0888769148895
48.1426875354447
48.1964981559999
48.2503087765551
48.3041193971103
48.3579300176654
48.4117406382206
48.4655512587758
48.519361879331
48.5731724998862
48.6269831204414
48.6807937409966
48.7346043615518
48.7884149821069
48.8422256026621
48.8960362232173
48.9498468437725
49.0036574643277
49.0574680848829
49.1112787054381
49.1650893259933
49.2188999465484
49.2727105671036
49.3265211876588
49.380331808214
49.4341424287692
49.4879530493244
49.5417636698796
49.5955742904348
49.6493849109899
49.7031955315451
49.7570061521003
49.8108167726555
49.8646273932107
49.9184380137659
49.9722486343211
50.0260592548763
50.0798698754314
50.1336804959866
50.1874911165418
50.241301737097
50.2951123576522
50.3489229782074
50.4027335987626
50.4565442193178
50.5103548398729
50.5641654604281
50.6179760809833
50.6717867015385
50.7255973220937
50.7794079426489
50.8332185632041
50.8870291837593
50.9408398043145
50.9946504248696
51.0484610454248
51.10227166598
51.1560822865352
51.2098929070904
51.2637035276456
51.3175141482008
51.3713247687559
51.4251353893111
51.4789460098663
51.5327566304215
51.5865672509767
51.6403778715319
51.6941884920871
51.7479991126423
51.8018097331974
51.8556203537526
51.9094309743078
51.963241594863
52.0170522154182
52.0708628359734
52.1246734565286
52.1784840770838
52.2322946976389
52.2861053181941
52.3399159387493
52.3937265593045
52.4475371798597
52.5013478004149
52.5551584209701
52.6089690415253
52.6627796620805
52.7165902826356
52.7704009031908
52.824211523746
52.8780221443012
52.9318327648564
52.9856433854116
53.0394540059668
53.093264626522
53.1470752470771
53.2008858676323
53.2546964881875
53.3085071087427
53.3623177292979
53.4161283498531
53.4699389704083
53.5237495909635
53.5775602115186
53.6313708320738
53.685181452629
53.7389920731842
53.7928026937394
53.8466133142946
53.9004239348498
53.954234555405
54.0080451759601
54.0618557965153
54.1156664170705
54.1694770376257
54.2232876581809
54.2770982787361
54.3309088992913
54.3847195198465
54.4385301404016
54.4923407609568
54.546151381512
54.5999620020672
54.6537726226224
54.7075832431776
54.7613938637328
54.815204484288
54.8690151048431
54.9228257253983
54.9766363459535
55.0304469665087
55.0842575870639
55.1380682076191
55.1918788281743
55.2456894487295
55.2995000692846
55.3533106898398
55.407121310395
55.4609319309502
55.5147425515054
55.5685531720606
55.6223637926158
55.676174413171
55.7299850337262
55.7837956542813
55.8376062748365
55.8914168953917
55.9452275159469
55.9990381365021
56.0528487570573
56.1066593776125
56.1604699981676
56.2142806187228
56.268091239278
56.3219018598332
56.3757124803884
56.4295231009436
56.4833337214988
56.537144342054
56.5909549626092
56.6447655831643
56.6985762037195
56.7523868242747
56.8061974448299
56.8600080653851
56.9138186859403
56.9676293064955
57.0214399270507
57.0752505476058
57.129061168161
57.1828717887162
57.2366824092714
57.2904930298266
57.3443036503818
57.398114270937
57.4519248914922
57.5057355120473
57.5595461326025
57.6133567531577
57.6671673737129
57.7209779942681
57.7747886148233
57.8285992353785
57.8824098559337
57.9362204764888
57.990031097044
58.0438417175992
58.0976523381544
58.1514629587096
58.2052735792648
58.25908419982
58.3128948203752
58.3667054409303
58.4205160614855
58.4743266820407
58.5281373025959
58.5819479231511
58.6357585437063
58.6895691642615
58.7433797848167
58.7971904053718
58.851001025927
58.9048116464822
58.9586222670374
59.0124328875926
59.0662435081478
59.120054128703
59.1738647492582
59.2276753698133
59.2814859903685
59.3352966109237
59.3891072314789
59.4429178520341
59.4967284725893
59.5505390931445
59.6043497136997
59.6581603342549
59.71197095481
59.7657815753652
59.8195921959204
59.8734028164756
59.9272134370308
59.981024057586
60.0348346781412
60.0886452986963
60.1424559192515
60.1962665398067
60.2500771603619
60.3038877809171
60.3576984014723
60.4115090220275
60.4653196425827
60.5191302631379
60.572940883693
60.6267515042482
60.6805621248034
60.7343727453586
60.7881833659138
60.841993986469
60.8958046070242
60.9496152275794
61.0034258481345
61.0572364686897
61.1110470892449
61.1648577098001
61.2186683303553
61.2724789509105
61.3262895714657
61.3801001920209
61.433910812576
61.4877214331312
61.5415320536864
61.5953426742416
61.6491532947968
61.702963915352
61.7567745359072
61.8105851564624
61.8643957770175
61.9182063975727
61.9720170181279
62.0258276386831
62.0796382592383
62.1334488797935
62.1872595003487
62.2410701209039
62.294880741459
62.3486913620142
62.4025019825694
62.4563126031246
62.5101232236798
62.563933844235
62.6177444647902
62.6715550853454
62.7253657059005
62.7791763264557
62.8329869470109
62.8867975675661
62.9406081881213
62.9944188086765
63.0482294292317
63.1020400497869
63.155850670342
63.2096612908972
63.2634719114524
63.3172825320076
63.3710931525628
63.424903773118
63.4787143936732
63.5325250142284
63.5863356347836
63.6401462553387
63.6939568758939
63.7477674964491
63.8015781170043
63.8553887375595
63.9091993581147
63.9630099786699
64.0168205992251
64.0706312197802
64.1244418403354
64.1782524608906
64.2320630814458
64.285873702001
64.3396843225562
64.3934949431114
64.4473055636665
64.5011161842217
64.5549268047769
64.6087374253321
64.6625480458873
64.7163586664425
64.7701692869977
64.8239799075529
64.8777905281081
64.9316011486632
64.9854117692184
65.0392223897736
65.0930330103288
65.146843630884
65.2006542514392
65.2544648719944
65.3082754925496
65.3620861131048
65.4158967336599
65.4697073542151
65.5235179747703
65.5773285953255
65.6311392158807
65.6849498364359
65.738760456991
65.7925710775462
65.8463816981014
65.9001923186566
65.9540029392118
66.007813559767
66.0616241803222
66.1154348008774
66.1692454214326
66.2230560419877
66.2768666625429
66.3306772830981
66.3844879036533
66.4382985242085
66.4921091447637
66.5459197653189
66.5997303858741
66.6535410064293
66.7073516269844
66.7611622475396
66.8149728680948
66.86878348865
66.9225941092052
66.9764047297604
67.0302153503156
67.0840259708707
67.1378365914259
67.1916472119811
67.2454578325363
67.2992684530915
67.3530790736467
67.4068896942019
67.4607003147571
67.5145109353123
67.5683215558674
67.6221321764226
67.6759427969778
67.729753417533
67.7835640380882
67.8373746586434
67.8911852791986
67.9449958997537
67.9988065203089
68.0526171408641
68.1064277614193
68.1602383819745
68.2140490025297
68.2678596230849
68.3216702436401
68.3754808641953
68.4292914847504
68.4831021053056
68.5369127258608
